# model parameters
F = np.array([[0.9]])
c1 = np.array([1.0])
c2 = np.array([0])
H = np.array([[1.0]])
Q = np.array([[1.0]])
R = np.array([[1.0]]

# particle filter theoretical results
T=100, 1000 simulations, average MSE
forecast	MSE	standard deviation
0	0.401128697836	0.000671896522629
1	2.46749205486	0.00368074137298
2	3.18330555952	0.00468954755616
3	3.76379363824	0.00496799870513
4	4.23479772934	0.00524913432409
5	4.62523277465	0.00577539562391
6	4.94029437449	0.00608483958678
7	5.18952996046	0.00651514218223
8	5.39711027652	0.0068153823349

# Training paramters:
Chain Length = 20
learning rate = 0.001, Adam optimizer
loss: pre_fit loss * 0.5 + post_fit loss

# Trained-model performance evaluation
T=100, 1000 simulations, average MSE
forecast	MSE	standard deviation
0 0.43687706317 0.000957739357112
1 2.56691870736 0.00372727489964
2 3.55446260529 0.0051485884668
3 4.40936534232 0.00663788911936
4 5.06866548682 0.00792370217253
5 5.53055263262 0.00869552194864
6 5.8458758862 0.00904516440978
7 6.05412004636 0.00918817124932
8 6.19530877284 0.00884954913044

For each t, the NINE forecast errors are:
0	0.294647723289	2.3753158005	3.34846750208	4.10990574127	4.47726948796	4.80632767441	5.01987037808	5.05146489775	5.58023768347	
1	0.315009654165	2.58485215811	3.49034103053	4.03120901625	4.55262170916	4.8958639071	4.94197328623	5.48055105067	5.90217477976	
2	0.348508698602	2.63108330806	3.43884911331	4.08913659225	4.56631954544	4.69307760786	5.35014115752	5.8406746308	5.67951849441	
3	0.363514980614	2.60719592031	3.47505227012	4.07698206999	4.39079902418	5.11204444752	5.70057508515	5.60159268361	5.87364722349	
4	0.405850562827	2.57164678111	3.39498749223	3.82236059689	4.73334032726	5.42540188485	5.40005348825	5.78448529493	6.29323960913	
5	0.401315618497	2.4803782439	3.15018123198	4.21365773906	5.0103522811	5.2038832758	5.6299431523	6.22948559283	6.29344095185	
6	0.400869754479	2.39291321566	3.42216502953	4.46922705707	4.82847812348	5.37786308202	6.06160191034	6.16385462758	5.99420345553	
7	0.40704924934	2.53300855809	3.69967622074	4.22368422681	4.98184957119	5.7118596316	5.91130420766	5.83639356763	5.90023093048	
8	0.403845509078	2.78808584247	3.39702200095	4.38900607859	5.27485944716	5.59034254339	5.58176558948	5.76583622477	6.11017369662	
9	0.458844046302	2.43700622335	3.56164629631	4.57395822266	5.18112376263	5.34444884251	5.59231910586	5.9057132161	6.01432169907	
10	0.419362462532	2.64829329567	3.6411087825	4.52391715044	4.8794571178	5.26583353583	5.73752077478	5.90562922868	6.23371200224	
11	0.448313206833	2.57037094952	3.62504551924	4.15406544176	4.81908982053	5.45173145201	5.73871752257	6.08040450693	5.92778880557	
12	0.390452199122	2.56285842512	3.30438463053	4.07113775336	4.90482867863	5.42154607796	5.84564443758	5.78321200612	5.89683123274	
13	0.41858680248	2.36713083049	3.35275263789	4.3027208694	5.02963294524	5.54837531992	5.59556344691	5.80609866115	6.14375727582	
14	0.426259168179	2.51430916409	3.52216429931	4.42160992428	5.11985017738	5.3162217043	5.64885927046	6.06130034656	6.2028499387	
15	0.452085231812	2.50598462037	3.56094165595	4.52240086215	4.92509218758	5.37316194749	5.85041474617	6.08521791198	6.67173245071	
16	0.433808588629	2.59430555293	3.67411607226	4.26052201302	4.86680789415	5.53252276704	5.92216190437	6.57015372346	6.2596978491	
17	0.444513534602	2.69690469521	3.45363736509	4.29163187169	5.0733014463	5.61971044132	6.29873678062	6.13261330255	6.69020273828	
18	0.453272785441	2.47818443417	3.49386761761	4.45395257568	5.23184911113	6.10350337268	5.98732819632	6.53391034065	6.66432661043	
19	0.437242858277	2.60025504275	3.57847353398	4.57838673962	5.64632406685	5.72217645814	6.36220875493	6.57395468132	6.60378618613	
20	0.450704931531	2.46466033245	3.66184099771	4.93396160047	5.25649870362	5.99423244248	6.24119444407	6.38912629206	6.59359580109	
21	0.40476765046	2.74801230559	3.96136492718	4.52423847094	5.49513304425	5.89202646588	6.18055953003	6.50630374587	6.84579431365	
22	0.470000609716	2.74414566986	3.59992934371	4.83316031405	5.40270405493	5.83836701557	6.26921489541	6.70654139983	6.84940760451	
23	0.426172643807	2.43598864242	3.74459618909	4.53837134431	5.24085279565	5.84497132589	6.41879777289	6.66263313496	6.02842527341	
24	0.43127761638	2.65022248801	3.60923441396	4.54955402757	5.29183190327	6.06175103172	6.38388395277	5.88646608776	6.40817380099	
25	0.433424146786	2.5808138001	3.56095541115	4.57373334823	5.49849470821	5.95021290641	5.63179809407	6.24542715051	6.37299575937	
26	0.442153963702	2.58486227831	3.62714183989	4.74624320863	5.47027761052	5.28746538334	6.01459617182	6.18402981928	6.40469202955	
27	0.461010385402	2.55525126758	3.80485646801	4.71962604142	4.80461109608	5.69092872168	6.00318355316	6.27324867368	6.01382185679	
28	0.428338046129	2.66164889358	3.79140940113	4.14998560186	5.22354804726	5.70179170402	6.05992891558	5.94135755954	6.17344319664	
29	0.457598863261	2.65662569334	3.28643073764	4.44531297695	5.18602974236	5.68952445175	5.74516477017	6.046468759	6.11124318028	
30	0.45557703992	2.49311196254	3.52128503136	4.40887486427	5.19531649076	5.41600350129	5.855025803	6.00372433417	6.28590775843	
31	0.493312259877	2.53379212871	3.61288443381	4.58721910369	4.98648739503	5.49126144434	5.73892067852	6.10447455523	6.19267061136	
32	0.432008173594	2.54900956116	3.70935412174	4.3944977618	5.06889953988	5.447671308	5.88117271896	6.0480440468	6.08314817351	
33	0.448738419558	2.64279910487	3.48303322999	4.39819548752	5.00544686947	5.62451148475	5.84525910254	5.98942767601	6.25418462688	
34	0.448060354888	2.53301261961	3.43034029665	4.3455324286	5.09759807684	5.47715081915	5.743964844	6.1140538122	5.92032215782	
35	0.462646854983	2.49827489519	3.51733693077	4.50606061801	5.02922785021	5.50710964609	5.97473618793	5.84800568132	6.06276615878	
36	0.436601574894	2.55213366474	3.54079384114	4.35395624313	5.06126952561	5.61478010753	5.63277579608	5.879209189	6.27228267698	
37	0.452996705612	2.71427475359	3.50337082089	4.44454651294	5.07888665801	5.27787802611	5.6377943005	6.13587584274	6.37654983809	
38	0.459501447316	2.47403148391	3.59635205684	4.43611899557	4.80247522856	5.34478507003	5.93529926264	6.27479696742	6.15346070539	
39	0.426389907805	2.56405339839	3.53693335796	4.21115838743	4.94682153713	5.63963584759	6.08443603505	6.02027830193	6.09389099034	
40	0.462267183551	2.56566869867	3.42541680476	4.33810459831	5.18415537725	5.72700385162	5.80014297277	5.91933509106	6.1047405525	
41	0.447094384831	2.47844554961	3.48140566868	4.46983695791	5.25667624596	5.46545267934	5.74506607388	5.95816413846	6.7645638678	
42	0.454986517932	2.50393764676	3.5083228489	4.55536408963	5.02968878789	5.48309658292	5.79834751027	6.65264398867	5.86765995273	
43	0.449356245352	2.47048189762	3.65541596168	4.37126883519	5.03071108644	5.49143172759	6.45541831444	5.76950574484	6.31208452069	
44	0.402554640072	2.633230692	3.51005244474	4.30871101422	5.0397829169	6.10932522375	5.61356564643	6.15262432638	5.97862333203	
45	0.435567448252	2.47069931945	3.3964594644	4.30944948238	5.49946516435	5.25619214779	5.92096297034	5.87292678325	5.78932758906	
46	0.450397486241	2.50775382412	3.52201620004	4.76524271637	4.81772779812	5.57351561986	5.65127562792	5.67835600305	5.8862810572	
47	0.452602718104	2.55861702564	3.85818145514	4.26081585556	5.11647164999	5.32779795831	5.47521835177	5.70588870971	6.08359198299	
48	0.446513238206	2.72693260172	3.43307600183	4.41358290353	4.85801796054	5.1718669239	5.53334128056	5.97645643293	5.81034070768	
49	0.428645418027	2.46377110358	3.51153013198	4.2458033212	4.70934991433	5.20828657519	5.75675175236	5.60137718974	6.0649140897	
50	0.487130105521	2.53965218311	3.46615798778	4.16195176263	4.81940622315	5.47475045652	5.47160873739	5.93977462432	5.85104338978	
51	0.437263639725	2.46549794833	3.40322483407	4.18529855411	5.00573069958	5.17918950203	5.74164789636	5.68564306852	5.7740310467	
52	0.440335218636	2.51158406438	3.36335928919	4.33990377837	4.70833298635	5.47042205962	5.49646842896	5.63532805755	6.18868492788	
53	0.465077531223	2.46074215972	3.56606870675	4.19597905028	5.0384769301	5.22203323552	5.46358354941	6.031589849	6.28385927596	
54	0.436119766447	2.51111631484	3.37571299554	4.39740150761	4.81437538052	5.21981872758	5.87093048623	6.20312963786	6.22754448973	
55	0.413436208252	2.34354677962	3.52946908331	4.20155922621	4.77774419449	5.56805711245	5.94797814681	6.0522932157	6.11132174177	
56	0.430703548469	2.67131186198	3.46194782737	4.23023526837	5.10258575104	5.6804052584	5.87522710627	5.99662507606	6.07830110448	
57	0.452171722531	2.49539150953	3.45813434197	4.48189683131	5.23755504192	5.59741287233	5.8450449484	5.90864095114	5.81831257906	
58	0.440802783534	2.61816067114	3.73828599017	4.65707132553	5.16564086996	5.52641811635	5.77382214017	5.75040818227	6.08403738117	
59	0.459083039094	2.64462630548	3.8344269241	4.51806301011	5.08648559052	5.50235805782	5.54679200584	5.99833290054	6.03215707382	
60	0.426497475331	2.84282440914	3.66061821384	4.34941617787	4.9479181899	5.19771343222	5.7063822993	5.84897791079	5.83187225608	
61	0.472724278181	2.63598513696	3.50038794402	4.29669669094	4.74964150443	5.43133759606	5.69386307001	5.77456419799	6.48901036413	
62	0.460352421348	2.48148085067	3.51176525541	4.15241886533	5.05220830904	5.39622990975	5.57884367461	6.36672995771	6.17365787763	
63	0.434085153745	2.50769017655	3.28496876581	4.38426623879	4.94750588406	5.21057667485	6.16555374782	6.0557297847	6.15493977936	
64	0.431051081808	2.45509835122	3.56370284379	4.28088211854	4.83183714014	5.81432150788	5.83787175295	5.97823255048	5.95420016726	
65	0.439114753554	2.5796205684	3.42951589999	4.24771790488	5.36738967047	5.51824854887	5.80356404119	5.78857615423	6.05794147502	
66	0.432318669225	2.41528963492	3.36368787158	4.74714749617	5.03686897322	5.4612161488	5.63357864691	5.95717180789	6.14291127709	
67	0.412571456546	2.44978569023	3.91501770113	4.38200823989	5.02586671119	5.27607211762	5.71098037939	6.02649187528	6.38550214569	
68	0.446840948748	2.87647567062	3.53698313568	4.45721450268	4.91309230307	5.44573768888	5.8299773829	6.25732416863	6.28360366956	
69	0.471254619248	2.54162267201	3.53343725082	4.19308105599	4.97240232901	5.56352021391	6.11530075565	6.18488810967	6.14970700009	
70	0.442065155905	2.6294624334	3.37535456636	4.31015788088	5.01334860775	5.7031746609	5.89795264328	5.90508788478	6.31000969892	
71	0.45868232816	2.41544499523	3.54107464333	4.41370340085	5.29029318996	5.67863380092	5.73724313643	6.15246033476	6.39010729002	
72	0.436148840307	2.5034024563	3.50526108867	4.60736838949	5.09841379695	5.41351469495	5.88777481028	6.19442179411	6.21382461993	
73	0.442323577069	2.52394977079	3.82263860263	4.46416407238	4.95501126454	5.53863623513	5.96507582477	6.08933130982	6.62584993827	
74	0.427879529747	2.68350061292	3.56344399004	4.27179238955	5.05133794626	5.66018511946	5.90869575562	6.46831887538	6.29820904073	
75	0.464611876571	2.59949681803	3.46146832174	4.47078521446	5.23270968904	5.67595650825	6.26212466507	6.16121416104	6.71080623059	
76	0.451287422219	2.49105580458	3.62723745417	4.52942417823	5.17659885155	5.98632480468	6.02537230372	6.52086260654	6.77933291746	
77	0.448485085448	2.60681878488	3.63240390759	4.55738065638	5.53718122883	5.68674060398	6.32578255359	6.63421517985	6.6094747343	
78	0.433019146176	2.65893318875	3.73223716679	4.78078085942	5.2455542826	5.97502924679	6.39582704267	6.4670465217	6.67220310571	
79	0.444561025228	2.64206460041	3.84421170619	4.52572474074	5.46384918916	6.1097341914	6.29076896105	6.52829365114	6.50130115612	
80	0.462382382456	2.97594056296	3.67607350727	4.7253426026	5.62914606731	5.92191262393	6.29439112284	6.36608015527	6.50294445615	
81	0.485366172898	2.50147431778	3.81021836546	4.9006583569	5.48110199889	6.04137281503	6.13406855218	6.38215415687	6.47963655487	
82	0.444105629879	2.844967088	4.00717987476	4.78990726349	5.54392758073	5.78133486528	6.16374567406	6.34285202753	6.22240924787	
83	0.459704278889	2.80494524637	3.81061149883	4.79667304183	5.27412335784	5.81979879805	6.17840664828	6.06363834646	6.17418216949	
84	0.457526408306	2.63122399466	3.76568411732	4.57953105413	5.29360121481	5.77231452162	5.84305229321	6.01210187476	5.98009177152	
85	0.443941545937	2.64683841291	3.68945765271	4.54207557447	5.27964054844	5.49353152025	5.80277629708	5.79172976486	5.97429306634	
86	0.439301791591	2.59531406639	3.58971103408	4.52009787874	4.99418817966	5.48373771515	5.61229822213	5.83390261964	6.18908677499	
87	0.438293916533	2.48742838004	3.60254844128	4.34121983498	5.04422851276	5.3342951575	5.60237592441	6.00329460901	6.43118015282	
88	0.428967671232	2.64076625808	3.49234312665	4.38492847438	4.85462106594	5.29532632182	5.824363368	6.30550032523	6.08985354385	
89	0.4407675419	2.37204536147	3.42323310077	4.10666858436	4.80575209498	5.47258945897	6.04489695079	5.89841413752	5.96517420987	
90	0.431418077626	2.51284412764	3.25340642214	4.10685303757	5.02422507879	5.71064429791	5.63377725402	5.89052716999	5.92886693386	
91	0.448296475072	2.38475447142	3.30168710091	4.35816474792	5.24960185422	5.37829103439	5.67629180459	5.78782674473	5.75215268536	

# training process
iteration	pre_fit_error	post_fit_error
100	99.9284316264	99.2555291844
200	99.0264825726	85.5656820218
300	102.801109905	68.8613241374
400	87.1951655612	54.4531233089
500	68.7283606379	39.7390728093
600	48.9343651344	24.9792484287
700	29.7108309658	14.7918068489
800	16.2561376721	8.98034425642
900	10.4510055149	3.70613384922
1000	6.55987911574	2.02168510516
1100	5.39107916744	1.60067210725
1200	5.21622862164	1.4377366191
1300	5.04378448875	1.3993952378
1400	4.92738189037	1.23099242451
1500	4.83704796858	1.23692510252
1600	4.49998609224	1.06662232665
1700	4.4063205919	0.979728741431
1800	4.04286314223	0.901461330679
1900	4.04794015961	0.888782099108
2000	4.03533885685	0.84603063676
2100	3.97477367765	0.845327625706
2200	3.8183964545	0.830088249017
2300	3.65944922286	0.767995650968
2400	3.65510976987	0.70262411782
2500	3.68921887476	0.731679958025
2600	3.3204104101	0.683149599579
2700	3.54411248151	0.750925509477
2800	3.47904212728	0.657438144886
2900	3.30107934851	0.640110726323
3000	3.3454161092	0.659473446253
3100	3.41144205286	0.652286783144
3200	2.96612325436	0.556489496055
3300	3.22399453569	0.604692304058
3400	3.07502380456	0.572576459183
3500	3.10026920001	0.5981110708
3600	2.98463757049	0.550404225387
3700	2.78139382314	0.521355554197
3800	2.86372615169	0.547286343861
3900	3.12238381044	0.52911826454
4000	2.99724595112	0.533917776316
4100	2.97329584982	0.525068497672
4200	2.8788218167	0.519999773651
4300	3.0437444926	0.531411176454
4400	2.72366662723	0.47355319923
4500	2.84434866719	0.509183304041
4600	2.89951559333	0.532500522437
4700	2.79277223688	0.467075008622
4800	2.8457763395	0.476453950526
4900	2.81147381919	0.473395070462
5000	2.73901100392	0.478371871717
5100	2.68767449381	0.448575640277
5200	2.85004025716	0.480530526268
5300	2.69978383776	0.451328675245
5400	2.70453041148	0.469542145236
5500	2.88245785614	0.502249272611
5600	2.69068871385	0.451672641976
5700	2.7129622102	0.464884036336
5800	2.61955059411	0.467316654109
5900	2.55531102875	0.40626425875
6000	2.75017665987	0.454243142054
6100	2.80538064578	0.478991410297
6200	2.52546809242	0.428350395818
6300	2.5561454536	0.408419347638
6400	2.94268516044	0.468474246798
6500	2.64682715502	0.416153425147
6600	2.64051936802	0.424294166024
6700	2.66811443023	0.451645074411
6800	2.62984731112	0.45624004402
6900	2.72456667322	0.428871510846
7000	2.49244217422	0.429718211376
7100	2.87982106362	0.459319246897
7200	2.71341244917	0.422218570757
7300	2.7908463589	0.480069776179
7400	2.69320716479	0.461245237086
7500	2.60493754904	0.401128794139
7600	2.75504369718	0.450199913747
7700	2.7346458575	0.460292857626
7800	2.72730318576	0.414840097808
7900	2.69798940695	0.426448131098
8000	2.57604208954	0.432451177093
8100	2.73685746045	0.484220773981
8200	2.56074928333	0.416828790163
8300	2.74462388873	0.421893771539
8400	2.78804103718	0.422830644306
8500	2.5784110892	0.399398512671
8600	2.73177934935	0.428021930177
8700	2.64406640897	0.430056952415
8800	2.90946678772	0.479786575637
8900	2.63646311311	0.442758387365
9000	2.63394556503	0.414114029137
9100	2.79845055397	0.476826791751
9200	2.64469422337	0.413140916135
9300	2.69158775183	0.468806227743
9400	2.63633675236	0.442668117928
9500	2.54586897622	0.41932373818
9600	2.79489331328	0.430204217765
9700	2.77544607347	0.442157623525
9800	2.57282319047	0.40841020125
9900	2.81015247734	0.464900197552
10000	2.74194823586	0.416858229381
